2 13 1

10 1 0.0 0.0 -20.0
10 1 0.0 0.0 -30.0

10.0 -5.0 0.0		10.0 -6.0 -25.0		-10.0 -10.0 -25.0
10.0 -5.0 -50.0		10.0 -6.0 -25.0		-10.0 -10.0 -25.0
-9.0 -11.0 0.0          -9.0 -11.0 -50.0        -30.0 -11.0 -50.0
-31.0 -15.0 -18.0	-31.0 -15.0 -24.0	-37.0 -15.0 -24.0
-31.0 -15.0 -18.0       -31.0 -15.0 -24.0	-31.0 -11.0 -24.0
-37.0 -15.0 -18.0       -37.0 -15.0 -24.0	-37.0 -11.0 -24.0
-31.0 -15.0 -18.0       -37.0 -15.0 -18.0	-37.0 -11.0 -18.0
-31.0 -15.0 -24.0       -37.0 -15.0 -24.0	-37.0 -11.0 -24.0
-31.0 -15.0 -27.0	-31.0 -15.0 -33.0	-37.0 -15.0 -33.0
-31.0 -15.0 -27.0       -31.0 -15.0 -33.0	-31.0 -11.0 -33.0
-37.0 -15.0 -27.0       -37.0 -15.0 -33.0	-37.0 -11.0 -33.0
-31.0 -15.0 -27.0       -37.0 -15.0 -27.0	-37.0 -11.0 -27.0
-31.0 -15.0 -33.0       -37.0 -15.0 -33.0	-37.0 -11.0 -33.0

-10 2 -20		2 2 2		1 0 0	0 1 0		100
