4 4 5 4

Ressources/water.tga		0	0.8  0.4
Ressources/WoodBox.tga		0	0.75  0.4
Ressources/MetalGround.tga	0	0.8  0.4
Ressources/Glass.tga		1	0.8  0.4


5 	0.5 	-25.0 7.0 -30.0		0
40 	1.2 	-25.0 5.0 -19.5		0
10 	1 	-5.0 7.0  -16.0		0
5 	0.5 	1.0 0.0   -11.5		0


0.0 -2.0 -10.0	0.0 -2.0 -30.0		-20 -2.0 -30.0	3
0.0 -2.0 0.0	5.0 4.0 0.0		5.0 4.0 -50.0  3
-20.0 -2.0 0.0	-20.0 -2.0 -50.0	-30.0 4.0 -50.0  3
0.0 -2.5 -10.5	0.0 -4.5 0.0		-20.0 -4.5 0.0  3
0.0 -2.5 -29.5	-20.0 -2.5 -29.5	-20.0 -4.5 -50.0  3	

100	-5.0 2.0 -20.0		3 0.5 2		-1 1 0.2 	1 1 0 	2
10	3.0 6.0 -26.0		1 1 1		0.8 1 0		-1 1 0  2
500	-5.0 -1.5 -25.0		5 3 2		1 0 0		0 1 0  	2
10	-25.0 7.0 -10.0		2 2 2		1 1 0.3   	-1 1 0	2
