4 6 13 1 

Ressources/water.tga		0	0.7  0.4
Ressources/WoodBox.tga		0	0.7  0.4
Ressources/MetalGround.tga	0	0.7  0.4
Ressources/Glass.tga		1	0.7  0.4

10 0.5 -19 8.0 -20.0  	0 
10 0.5 -20 10.0 -24.0  	0 
10 0.5 -21 5.0 -24.0  	0
10 0.5 -19 8.0 -24.0  	0
10 0.5 -21 10.0 -20.0  	0
10 0.5 -21 12.0 -20.0  	0

10.0 -3.0 0.0		10.0 -4.0 -25.0		-10.0 -8.0 -25.0 	3
10.0 -3.0 -50.0		10.0 -4.0 -25.0		-10.0 -8.0 -25.0 	3
-9.0 -11.0 0.0          -9.0 -11.0 -50.0        -30.0 -11.0 -50.0 	3
-31.0 -15.0 -18.0	-31.0 -15.0 -24.0	-37.0 -15.0 -24.0 	4
-31.0 -15.0 -18.0       -31.0 -15.0 -24.0	-31.0 -11.0 -24.0 	4
-37.0 -15.0 -18.0       -37.0 -15.0 -24.0	-37.0 -11.0 -24.0 	4
-31.0 -15.0 -18.0       -37.0 -15.0 -18.0	-37.0 -11.0 -18.0 	4
-31.0 -15.0 -24.0       -37.0 -15.0 -24.0	-37.0 -11.0 -24.0 	4

-31.0 -15.0 -27.0	-31.0 -15.0 -33.0	-37.0 -15.0 -33.0 	4
-31.0 -15.0 -27.0       -31.0 -15.0 -33.0	-31.0 -11.0 -33.0 	4
-37.0 -15.0 -27.0       -37.0 -15.0 -33.0	-37.0 -11.0 -33.0 	4
-31.0 -15.0 -27.0       -37.0 -15.0 -27.0	-37.0 -11.0 -27.0 	4
-31.0 -15.0 -33.0       -37.0 -15.0 -33.0	-37.0 -11.0 -33.0 	4

100	-20 2.5 -23		2 2 2		-1 0 0	0 1 0 2

100 	-13 2 -20		2 2 2		0.7071 0.5 -0.5  -0.7071 0.5 -0.5	2

100 	-13 2 -20		2 2 2		1 0.8165 -0.5774  -1 0.8165 -0.5774	2

100 	-13 2 -20		2 2 2		0.7071 0.2 -0.3  -0.7071 -0.3 -0.2	2


