4 2 13 0

Ressources/water.tga		0	0.7  0.4
Ressources/WoodBox.tga		0	0.7  0.4
Ressources/MetalGround.tga	0	0.7  0.4
Ressources/Glass.tga		1	0.7  0.4

10 1 0.0 0.0 -20.0 	0 
10 1 0.0 0.0 -30.0 	0

10.0 -3.0 0.0		10.0 -4.0 -25.0		-10.0 -8.0 -25.0 	3
10.0 -3.0 -50.0		10.0 -4.0 -25.0		-10.0 -8.0 -25.0 	3
-9.0 -11.0 0.0          -9.0 -11.0 -50.0        -30.0 -11.0 -50.0 	3
-31.0 -15.0 -18.0	-31.0 -15.0 -24.0	-37.0 -15.0 -24.0 	4
-31.0 -15.0 -18.0       -31.0 -15.0 -24.0	-31.0 -11.0 -24.0 	4
-37.0 -15.0 -18.0       -37.0 -15.0 -24.0	-37.0 -11.0 -24.0 	4
-31.0 -15.0 -18.0       -37.0 -15.0 -18.0	-37.0 -11.0 -18.0 	4
-31.0 -15.0 -24.0       -37.0 -15.0 -24.0	-37.0 -11.0 -24.0 	4

-31.0 -15.0 -27.0	-31.0 -15.0 -33.0	-37.0 -15.0 -33.0 	4
-31.0 -15.0 -27.0       -31.0 -15.0 -33.0	-31.0 -11.0 -33.0 	4
-37.0 -15.0 -27.0       -37.0 -15.0 -33.0	-37.0 -11.0 -33.0 	4
-31.0 -15.0 -27.0       -37.0 -15.0 -27.0	-37.0 -11.0 -27.0 	4
-31.0 -15.0 -33.0       -37.0 -15.0 -33.0	-37.0 -11.0 -33.0 	4
